
========================
Seed[0]
========================


Initial Seed:
Initial Solution: [10, 18, 16, 14, 0, 17, 11, 2, 3, 9, 5, 7, 4, 19, 6, 15, 8, 1, 13, 12] | Len[20] | Cost: 3222.0

Best Sol: [1, 17, 4, 5, 8, 9, 6, 11, 19, 3, 10, 16, 14, 18, 12, 15, 0, 2, 13, 7] | Cost: 2620.0

Smaller Tenure:
Initial Solution: [10, 18, 16, 14, 0, 17, 11, 2, 3, 9, 5, 7, 4, 19, 6, 15, 8, 1, 13, 12] | Len[20] | Cost: 3222.0

Best Sol: [1, 17, 4, 5, 8, 9, 6, 11, 19, 3, 10, 16, 14, 18, 12, 15, 0, 2, 13, 7] | Cost: 2620.0

Larger Tenure:
Initial Solution: [10, 18, 16, 14, 0, 17, 11, 2, 3, 9, 5, 7, 4, 19, 6, 15, 8, 1, 13, 12] | Len[20] | Cost: 3222.0

Best Sol: [18, 1, 3, 10, 17, 19, 16, 12, 4, 8, 13, 7, 14, 2, 6, 9, 15, 0, 5, 11] | Cost: 2574.0

Aspiration Added:
Initial Solution: [10, 18, 16, 14, 0, 17, 11, 2, 3, 9, 5, 7, 4, 19, 6, 15, 8, 1, 13, 12] | Len[20] | Cost: 3222.0

Best Sol: [1, 13, 4, 5, 2, 9, 6, 11, 19, 8, 10, 16, 14, 18, 12, 15, 0, 3, 17, 7] | Cost: 2624.0

Using 50% of Neighborhood:
Initial Solution: [10, 18, 16, 14, 0, 17, 11, 2, 3, 9, 5, 7, 4, 19, 6, 15, 8, 1, 13, 12] | Len[20] | Cost: 3222.0

Best Sol: [5, 13, 15, 3, 11, 1, 6, 7, 19, 16, 9, 8, 4, 18, 12, 14, 0, 10, 17, 2] | Cost: 2624.0

Frequency Tabu
Initial Solution: [10, 18, 16, 14, 0, 17, 11, 2, 3, 9, 5, 7, 4, 19, 6, 15, 8, 1, 13, 12] | Len[20] | Cost: 3222.0

Best Sol: [5, 13, 15, 3, 11, 1, 6, 7, 19, 16, 9, 8, 4, 18, 12, 14, 0, 10, 17, 2] | Cost: 2624.0

========================
Seed[2]
========================


Initial Seed:
Initial Solution: [7, 6, 17, 8, 19, 15, 13, 0, 3, 9, 14, 4, 10, 12, 16, 5, 11, 18, 2, 1] | Len[20] | Cost: 3392.0

Best Sol: [1, 18, 16, 9, 2, 0, 3, 7, 15, 11, 6, 12, 5, 17, 13, 10, 4, 19, 14, 8] | Cost: 2574.0

Smaller Tenure:
Initial Solution: [7, 6, 17, 8, 19, 15, 13, 0, 3, 9, 14, 4, 10, 12, 16, 5, 11, 18, 2, 1] | Len[20] | Cost: 3392.0

Best Sol: [1, 13, 16, 9, 11, 10, 6, 2, 15, 17, 3, 8, 5, 18, 12, 0, 4, 19, 14, 7] | Cost: 2588.0

Larger Tenure:
Initial Solution: [7, 6, 17, 8, 19, 15, 13, 0, 3, 9, 14, 4, 10, 12, 16, 5, 11, 18, 2, 1] | Len[20] | Cost: 3392.0

Best Sol: [1, 13, 16, 14, 3, 0, 2, 6, 15, 17, 11, 12, 5, 18, 8, 10, 4, 19, 9, 7] | Cost: 2570.0

Aspiration Added:
Initial Solution: [7, 6, 17, 8, 19, 15, 13, 0, 3, 9, 14, 4, 10, 12, 16, 5, 11, 18, 2, 1] | Len[20] | Cost: 3392.0

Best Sol: [5, 13, 17, 4, 11, 10, 6, 2, 16, 12, 9, 7, 15, 18, 8, 19, 0, 14, 3, 1] | Cost: 2658.0

Using 50% of Neighborhood:
Initial Solution: [7, 6, 17, 8, 19, 15, 13, 0, 3, 9, 14, 4, 10, 12, 16, 5, 11, 18, 2, 1] | Len[20] | Cost: 3392.0

Best Sol: [16, 8, 18, 3, 1, 15, 10, 6, 19, 17, 12, 11, 0, 13, 7, 14, 4, 9, 2, 5] | Cost: 2636.0

Frequency Tabu
Initial Solution: [7, 6, 17, 8, 19, 15, 13, 0, 3, 9, 14, 4, 10, 12, 16, 5, 11, 18, 2, 1] | Len[20] | Cost: 3392.0

Best Sol: [16, 8, 18, 3, 1, 15, 10, 6, 19, 17, 12, 11, 0, 13, 7, 14, 4, 9, 2, 5] | Cost: 2637.0

========================
Seed[6]
========================


Initial Seed:
Initial Solution: [4, 12, 6, 16, 17, 3, 13, 14, 11, 5, 7, 9, 10, 19, 0, 1, 8, 15, 2, 18] | Len[20] | Cost: 3480.0

Best Sol: [18, 2, 5, 9, 16, 15, 17, 13, 0, 11, 14, 7, 10, 1, 8, 4, 19, 6, 3, 12] | Cost: 2602.0

Smaller Tenure:
Initial Solution: [4, 12, 6, 16, 17, 3, 13, 14, 11, 5, 7, 9, 10, 19, 0, 1, 8, 15, 2, 18] | Len[20] | Cost: 3480.0

Best Sol: [17, 7, 5, 14, 16, 15, 18, 8, 0, 6, 9, 3, 10, 2, 12, 4, 19, 1, 11, 13] | Cost: 2622.0

Larger Tenure:
Initial Solution: [4, 12, 6, 16, 17, 3, 13, 14, 11, 5, 7, 9, 10, 19, 0, 1, 8, 15, 2, 18] | Len[20] | Cost: 3480.0

Best Sol: [16, 3, 1, 14, 17, 15, 18, 12, 0, 6, 11, 7, 10, 2, 8, 5, 19, 4, 9, 13] | Cost: 2574.0

Aspiration Added:
Initial Solution: [4, 12, 6, 16, 17, 3, 13, 14, 11, 5, 7, 9, 10, 19, 0, 1, 8, 15, 2, 18] | Len[20] | Cost: 3480.0

Best Sol: [17, 7, 0, 9, 16, 15, 18, 14, 5, 1, 12, 8, 10, 6, 3, 11, 19, 4, 2, 13] | Cost: 2666.0

Using 50% of Neighborhood:
Initial Solution: [4, 12, 6, 16, 17, 3, 13, 14, 11, 5, 7, 9, 10, 19, 0, 1, 8, 15, 2, 18] | Len[20] | Cost: 3480.0

Best Sol: [3, 6, 0, 16, 9, 4, 8, 18, 10, 2, 17, 7, 14, 5, 12, 15, 19, 1, 11, 13] | Cost: 2588.0

Frequency Tabu
Initial Solution: [4, 12, 6, 16, 17, 3, 13, 14, 11, 5, 7, 9, 10, 19, 0, 1, 8, 15, 2, 18] | Len[20] | Cost: 3480.0

Best Sol: [2, 11, 0, 18, 14, 4, 3, 13, 5, 1, 17, 7, 9, 6, 12, 15, 19, 10, 16, 8] | Cost: 2598.0
Elapsed time: 34.294328689575195s
